
power = 2645.41546383646
throughput = 17053.12
composite = 6716.59045607656
